0,000109 
0,000180 
0,000168 
0,000080 
0,000260 
0,000221 
0,000193 
0,000129 
0,000360 
0,000167 
0,000121 
0,000116 
0,000136 
0,000118 
0,000131 
0,000131 
0,000118 
0,000119 
0,000118 
0,000142 
0,000149 
0,000129 
0,000084 
0,000142 
0,000092 
0,000140 
0,000111 
0,000118 
0,000126 
0,000379 
0,000092 
0,000087 
0,000123 
0,000152 
0,000232 
0,000134 
0,000219 
0,000115 
0,000142 
0,000109 
0,000134 
0,000172 
0,000103 
0,000112 
0,000102 
0,000117 
0,000180 
0,000111 
0,000131 
0,000451 
0,000119 
0,000139 
0,000092 
0,000140 
0,000144 
0,000113 
0,000099 
0,000137 
0,000121 
0,000150 
0,000131 
0,000170 
0,000142 
0,000178 
0,000204 
0,000160 
0,000173 
0,000174 
0,000200 
0,000139 
0,000196 
0,000174 
0,000149 
0,000166 
0,000163 
0,000200 
0,000196 
0,000190 
0,000261 
0,000152 
0,000140 
0,000228 
0,000216 
0,000234 
0,000306 
0,000348 
0,000299 
0,000278 
0,000345 
0,000317 
0,000339 
0,000317 
0,000349 
0,000216 
0,000310 
0,000336 
0,000205 
0,000283 
0,000260 
0,000231 
0,000252 
0,000263 
0,000324 
0,000155 
0,000326 
0,000332 
0,000352 
0,000229 
0,000135 
0,000236 
0,000306 
0,000349 
0,000347 
0,000322 
0,000323 
0,000340 
0,000352 
0,000350 
0,000329 
0,000324 
